colors = [
    3 252 252 ;
    41 41 41;
    194 168 0;
    255 0 242;
    0 110 2;
    153 153 153;
] / 255